   1.0000000e+00   4.8105169e-01   6.1451433e-01   6.1837825e-01   4.9711009e-01   6.5952413e-01   8.7901390e-01   6.6280806e-01   3.2881421e-01   4.0238833e-01   3.8724543e-01   4.2659856e-02   4.2297798e-02   4.1704745e-01   4.2791092e-01   4.2485841e-01
   1.0000000e+00   5.1757922e-01   6.4775148e-01   7.5772918e-01   5.5097003e-01   5.9862483e-01   3.1852425e-01   3.9858950e-01   1.2788838e-01   7.0322322e-01   8.1614010e-01   9.9615611e-01   2.4090500e-01   9.3713467e-01   4.3618496e-01   5.7892349e-01
   1.0000000e+00   4.1742418e-01   6.1004670e-01   7.9012242e-01   5.2506635e-01   5.9765929e-01   4.4240231e-01   1.9251040e-01   1.9665819e-01   7.5809928e-01   9.8518738e-02   5.3566419e-01   3.9000491e-01   7.0684335e-02   6.7477647e-01   5.5976157e-02
   1.0000000e+00   6.3227456e-01   6.2615228e-01   7.7108582e-01   4.5171332e-01   6.1861540e-01   5.6055953e-01   8.5409995e-01   1.3208296e-01   1.7043202e-01   3.5507365e-01   6.9378761e-01   4.8959434e-01   6.6693153e-01   6.1280959e-01   2.6013019e-01
   1.0000000e+00   4.9413124e-01   6.0119235e-01   7.2800249e-01   4.1120704e-01   5.8113994e-01   7.4870572e-01   7.8555899e-01   6.0786591e-01   2.1756331e-01   6.4206083e-01   5.1181992e-01   4.7554673e-02   6.4630196e-01   7.1037084e-02   6.8006553e-01
   1.0000000e+00   5.1289055e-01   5.8256453e-01   7.4551006e-01   4.8721140e-01   6.0740898e-01   5.3406413e-01   1.3393125e-01   5.4954011e-01   5.5573794e-01   3.1742786e-01   3.5453430e-01   7.1504501e-01   8.2953282e-01   8.2662951e-01   8.6688705e-01
   1.0000000e+00   4.6525358e-01   6.8137461e-01   5.7654113e-01   5.5992327e-01   6.3409222e-01   7.5493327e-01   4.9532579e-02   1.3283200e-02   4.3248499e-01   4.6326058e-01   9.8610424e-01   8.9444776e-01   8.7779907e-01   7.2085567e-01   6.7116623e-01
   1.0000000e+00   4.6475754e-01   6.4456768e-01   7.4085281e-01   5.1981067e-01   6.4256238e-01   5.8802606e-01   8.6044056e-01   3.9652079e-01   1.6825130e-01   6.4187087e-02   7.5052006e-01   7.1112855e-01   7.2838682e-01   5.1545845e-01   4.5194571e-01
   1.0000000e+00   5.3927021e-01   6.9272972e-01   6.8421353e-01   4.9563993e-01   5.8115920e-01   4.0458000e-01   7.3864029e-01   1.7811695e-01   7.8936394e-01   5.9749019e-01   2.2377040e-01   1.0788891e-01   4.0349114e-01   4.5039358e-01   3.6003104e-01
   1.0000000e+00   5.2156894e-01   6.9256929e-01   6.1508230e-01   5.3115835e-01   6.2647589e-01   3.9679152e-01   2.0846136e-01   5.3377195e-01   3.1581144e-01   5.4644944e-01   6.1644349e-01   3.3042361e-01   3.6245928e-01   8.3187134e-01   9.1682127e-01
   1.0000000e+00   4.6588491e-01   5.8172660e-01   6.6735764e-01   4.5015136e-01   6.3406682e-01   8.3350060e-01   6.2095864e-01   5.2610247e-01   5.3120929e-01   9.2109726e-01   6.6238186e-01   7.3907223e-01   2.8662039e-01   1.4651486e-01   5.1697901e-01
   1.0000000e+00   4.6451670e-01   5.8927349e-01   8.2918454e-01   5.0816799e-01   5.8268107e-01   7.6911439e-01   2.7029433e-01   9.0513474e-01   5.9403297e-02   3.2583363e-01   1.0694166e-01   5.4930853e-01   4.7557293e-01   4.0007975e-01   8.4870923e-01
   1.0000000e+00   5.7345172e-01   6.1511509e-01   8.0450363e-01   5.3543396e-01   5.9856791e-01   9.3285357e-01   6.6094456e-01   2.0894667e-01   3.8827163e-01   5.5831920e-01   7.2317348e-01   9.9089650e-02   3.4800766e-01   6.7322599e-01   6.9375257e-01
   1.0000000e+00   5.9469425e-01   5.8059840e-01   6.7651162e-01   4.5557595e-01   6.3871435e-01   6.3931696e-01   8.6543859e-01   1.1815520e-01   5.8318573e-01   6.2067195e-01   4.2111225e-01   7.2951305e-01   6.6712030e-01   8.6414753e-01   6.9538995e-01
   1.0000000e+00   4.9679278e-01   6.9683483e-01   7.1838802e-01   4.3947028e-01   5.9937059e-01   6.2789638e-01   8.3482814e-02   3.3584897e-01   7.7193392e-01   4.2264565e-01   1.8061689e-01   1.9324533e-01   3.3166524e-01   8.8248631e-01   7.3427111e-01
   1.0000000e+00   4.3550565e-01   5.1808224e-01   7.0139943e-01   5.4789442e-01   6.7270584e-01   1.0969746e-01   5.7466122e-01   8.1820404e-01   6.8502847e-01   5.3062930e-01   2.6532204e-01   7.6692167e-01   6.5134953e-01   1.4887672e-01   8.3627042e-01
   1.0000000e+00   4.0634885e-01   6.4834572e-01   7.5705862e-01   5.3338003e-01   5.2650603e-01   8.1539721e-01   1.7710753e-01   6.4071792e-01   6.8409607e-01   6.0499064e-01   7.7095422e-01   9.6353029e-01   7.5674921e-01   4.5389347e-01   2.9755538e-01
   1.0000000e+00   4.2842048e-01   5.6214408e-01   7.5158172e-01   4.9130700e-01   5.8433748e-01   4.3864498e-01   1.6646044e-01   6.0346798e-01   7.2292252e-01   1.6351237e-01   3.3669926e-01   8.3780318e-01   9.8090364e-01   9.5372693e-02   6.6159619e-01
   1.0000000e+00   5.8021059e-01   7.0777488e-01   7.4913578e-01   5.4223342e-01   5.3794867e-01   3.2756543e-01   1.0570943e-01   4.8447339e-02   4.2310939e-01   6.5369989e-01   9.8830226e-01   9.7273389e-01   3.0081902e-01   1.1680991e-02   7.6288710e-01
   1.0000000e+00   4.3188120e-01   6.1848577e-01   6.6191057e-01   4.8858718e-01   5.6465191e-01   1.9986282e-01   9.8439831e-01   7.8017553e-01   3.1747978e-01   6.7120219e-01   5.5179251e-01   5.9060865e-01   2.5857471e-02   4.3000180e-01   5.3262350e-01
   1.0000000e+00   4.3288655e-01   6.4758397e-01   6.8078111e-01   4.5776730e-01   6.3463980e-01   1.5475235e-01   9.3440512e-01   6.1590667e-02   1.9624892e-01   7.6732951e-01   5.8353317e-01   6.2457292e-01   5.7675830e-01   3.3068207e-01   8.3969742e-01
   1.0000000e+00   4.6277670e-01   6.5263917e-01   7.7448947e-01   4.5120076e-01   6.6634164e-01   1.1170574e-01   9.3914171e-01   8.9047568e-01   2.1203084e-01   7.8907351e-01   3.4644876e-01   2.8150770e-01   3.7253424e-01   6.1347488e-01   1.1261514e-01
   1.0000000e+00   5.2740970e-01   6.3418445e-01   7.7424130e-01   5.2050314e-01   6.5197842e-01   4.0695484e-01   8.5893882e-01   3.3758386e-01   3.1642900e-01   7.1521251e-01   5.8357062e-01   6.6043797e-01   4.4653098e-01   4.9180625e-01   5.5388707e-01
   1.0000000e+00   4.6252507e-01   6.5039873e-01   6.9094470e-01   4.3156766e-01   6.4369654e-01   1.4999725e-01   6.2988339e-01   7.1452813e-02   7.8442789e-01   7.4064806e-01   2.4862896e-01   4.3172117e-01   4.6191556e-02   3.2604217e-01   5.0021132e-01
   1.0000000e+00   4.8132040e-01   6.4949827e-01   7.4107032e-01   5.2546888e-01   6.7043682e-01   5.2249531e-01   8.0134761e-01   2.8784934e-01   8.6693029e-01   8.7111112e-01   7.3422969e-01   6.2371641e-01   8.1115089e-01   8.8283761e-01   1.5649522e-01
   1.0000000e+00   5.1769357e-01   6.6007707e-01   7.1494182e-01   3.9639527e-01   7.0422469e-01   3.9345636e-01   8.6271072e-01   5.9721135e-01   5.3087226e-01   9.3573087e-01   3.8330632e-01   6.2892394e-01   5.4490590e-01   4.9790294e-01   8.3418906e-01
   1.0000000e+00   5.0824374e-01   6.1411968e-01   6.3055764e-01   4.8742853e-01   6.2774184e-01   5.4974147e-02   8.4220661e-01   9.4300814e-01   6.2249726e-01   8.6674990e-01   7.2610443e-01   8.0675954e-01   7.2051551e-02   5.9336186e-01   3.6044889e-01
   1.0000000e+00   5.1896034e-01   5.3748938e-01   7.4551605e-01   5.1122020e-01   5.6141838e-01   7.3634007e-01   1.4651491e-01   4.5605767e-01   1.0975505e-01   1.6356991e-01   9.8914491e-01   7.1357401e-01   2.8594686e-01   1.1703682e-01   1.9621067e-02
   1.0000000e+00   5.3886193e-01   6.9394860e-01   7.8973396e-01   5.0985124e-01   6.1629206e-01   6.9626634e-01   7.6902909e-01   9.1213247e-01   4.8448037e-01   1.2487276e-01   6.2734650e-01   3.1194006e-01   9.3004063e-01   2.7528695e-01   1.0933424e-01
   1.0000000e+00   5.8238495e-01   6.0825565e-01   7.9051256e-01   5.2443113e-01   6.4376788e-01   8.9950679e-02   3.0889549e-02   4.8522941e-01   1.8443367e-01   8.1453977e-01   9.7125882e-01   8.5618229e-01   8.4908548e-01   3.9453468e-01   4.0677676e-01
   1.0000000e+00   5.5846366e-01   6.7321147e-01   7.3006868e-01   5.0725943e-01   6.4347167e-01   4.2430950e-01   4.9911601e-01   4.6351265e-02   3.9600675e-01   5.4088408e-01   8.8535945e-01   8.3315199e-01   5.6071341e-01   5.6192015e-01   9.0805220e-01
   1.0000000e+00   5.7396551e-01   5.5691528e-01   7.7355636e-01   6.2422306e-01   6.2284734e-01   7.8996303e-01   1.7760246e-01   1.0481324e-01   8.9292241e-01   3.9076208e-01   7.1957013e-01   4.5134058e-01   3.7231266e-01   6.4633591e-02   2.3929061e-01
   1.0000000e+00   4.4470780e-01   6.2160672e-01   6.4740848e-01   5.1899746e-01   6.3599990e-01   4.9500582e-01   6.4819841e-01   8.8527460e-02   3.1342899e-01   4.4396416e-01   1.2565459e-01   5.8820939e-01   2.0677646e-01   2.5858225e-01   4.0362866e-01
   1.0000000e+00   4.9337907e-01   5.5254514e-01   7.7830386e-01   4.6188534e-01   6.5394435e-01   5.1442346e-01   7.3784165e-01   6.9253199e-01   9.8594093e-02   7.5194639e-01   4.1159351e-01   2.8150156e-01   9.4373154e-01   9.9685021e-01   9.4191893e-01
   1.0000000e+00   5.4040384e-01   5.0850664e-01   7.8213168e-01   5.1260911e-01   6.5477443e-01   9.8987215e-01   7.2866168e-01   2.8797698e-01   1.3430330e-01   2.5761374e-01   5.2784683e-01   6.6265383e-01   8.8401674e-01   5.7083843e-01   4.4063468e-01
   1.0000000e+00   4.5975600e-01   5.8343167e-01   7.3712261e-01   4.8934765e-01   5.7640526e-01   6.8341587e-01   4.2652411e-02   9.9538973e-01   1.8746081e-01   8.9438938e-01   9.3939836e-01   3.4328789e-01   9.8477624e-01   3.2485544e-01   8.3222148e-01
   1.0000000e+00   6.5474617e-01   5.8302056e-01   8.1210518e-01   4.9640311e-01   6.2034735e-01   6.3591371e-02   8.4517819e-01   1.0022154e-01   5.9794164e-01   8.3242339e-01   9.2458090e-01   9.3447827e-01   2.3123782e-01   8.9971348e-01   7.3138707e-01
   1.0000000e+00   6.2052286e-01   6.6457080e-01   7.6061779e-01   4.9866549e-01   6.2902430e-01   1.6725355e-01   5.2077890e-02   7.0725349e-01   6.3176637e-01   5.7739420e-01   2.9550725e-01   3.1922630e-02   8.9611135e-01   8.5932041e-01   9.3855786e-01
   1.0000000e+00   3.5578579e-01   6.3909920e-01   7.0260912e-01   5.0195712e-01   5.0469892e-01   5.8609207e-01   3.1991016e-02   2.4248656e-01   2.9157032e-01   7.4368834e-01   4.5163877e-01   9.9756035e-01   1.9547676e-01   4.5642460e-01   2.1799380e-01
   1.0000000e+00   5.7151493e-01   6.4250897e-01   7.0514927e-01   3.7815567e-01   6.8751006e-01   2.4278536e-01   4.8956999e-01   8.9719135e-01   6.9475219e-01   2.1216321e-01   2.9991950e-02   1.3754659e-01   5.8243296e-01   1.8612775e-02   5.9958555e-01
   1.0000000e+00   4.4564649e-01   5.8382067e-01   6.6546605e-01   4.4280750e-01   6.0098746e-01   5.2005247e-01   2.0940508e-01   2.1260153e-01   1.0484625e-01   7.6389794e-01   5.3005170e-01   5.4616615e-02   5.4791790e-02   6.0962969e-01   7.8069053e-02
   1.0000000e+00   4.9475605e-01   5.6717992e-01   7.2377303e-01   4.7895314e-01   6.1237167e-01   4.4230541e-01   2.8186686e-01   2.9734682e-01   7.9783026e-01   7.0270231e-01   6.8383861e-01   1.2477404e-01   8.3896960e-01   3.4271322e-01   5.2012942e-01
   1.0000000e+00   6.8191985e-01   7.1059439e-01   7.1988312e-01   5.4430350e-01   6.7707754e-01   2.1867663e-01   4.9809429e-01   4.6483994e-01   3.6643662e-01   6.8553571e-01   1.7685506e-01   1.7712375e-01   8.3873508e-02   5.5828492e-01   6.9480329e-01
   1.0000000e+00   3.9005766e-01   6.3000464e-01   7.7546109e-01   5.2357453e-01   5.3984395e-01   5.4471611e-01   6.1256647e-01   9.8841793e-01   7.4003233e-01   1.5436981e-01   1.8410029e-01   2.2427707e-01   5.8643961e-01   3.8888378e-01   7.2016461e-01
   1.0000000e+00   5.3934426e-01   6.7992123e-01   7.2020295e-01   4.5650192e-01   7.0470077e-01   8.6113981e-01   1.6982938e-02   5.6186143e-01   2.9406633e-01   6.5369013e-01   7.4584748e-01   5.1015252e-01   7.3596616e-01   8.2657889e-01   5.0339987e-02
   1.0000000e+00   5.7748488e-01   5.2695500e-01   7.1429649e-01   4.8387076e-01   5.8696068e-01   7.7198039e-01   6.2595979e-01   1.7566903e-01   2.0567452e-01   3.5960632e-01   4.5051107e-02   8.9589157e-01   1.5223401e-01   2.8495022e-01   4.3027785e-01
   1.0000000e+00   4.4262565e-01   6.6626094e-01   8.0817286e-01   4.7944650e-01   6.0496303e-01   1.3887420e-01   9.8230322e-01   4.6846820e-01   6.4194062e-01   4.2935579e-01   3.8386860e-01   7.7249507e-01   9.4278390e-02   4.0731842e-01   7.0557186e-01
   1.0000000e+00   5.3438536e-01   5.9832214e-01   8.0819732e-01   5.1937561e-01   6.9579998e-01   1.9577624e-02   5.3859668e-01   6.2045221e-02   4.8760378e-01   1.5359038e-01   7.8373648e-01   7.3058536e-01   4.3326056e-01   3.7569214e-01   8.6386822e-01
   1.0000000e+00   5.1925953e-01   5.5831610e-01   7.2862345e-01   6.1188894e-01   5.4194932e-01   4.4454092e-02   3.6241146e-01   4.4172206e-01   9.6442267e-01   6.8156043e-01   8.0444958e-01   4.8565167e-01   7.2175327e-01   8.8440505e-01   1.2218915e-01
   1.0000000e+00   4.4955648e-01   5.4614715e-01   6.8060195e-01   4.9030277e-01   6.4400713e-01   3.4771267e-01   5.5229134e-01   8.9494168e-01   1.1228396e-01   7.5932738e-01   2.7506976e-01   5.0128291e-01   3.0366138e-01   5.7473716e-01   6.6904259e-01
   2.0000000e+00   1.7385304e-01   9.3289790e-01   3.2868961e-01   9.3325120e-03   2.5448084e-01   2.6805346e-01   3.6300751e-01   3.8431974e-01   3.2235090e-01   4.3635610e-01   7.4618494e-01   4.2100578e-01   8.9423571e-01   3.7406019e-01   8.4997065e-02
   2.0000000e+00   2.6107108e-02   3.9066754e-01   6.5011803e-01   9.1502591e-01   3.2415421e-01   2.0429908e-01   2.6586794e-01   3.5394332e-01   2.9922808e-01   3.3843526e-01   4.6791047e-01   9.2068707e-02   7.7836066e-01   9.2268522e-01   9.2235800e-01
   2.0000000e+00   4.9506692e-01   9.0644327e-01   4.4252996e-01   4.0745574e-01   8.0511242e-01   1.3371150e-01   3.8190808e-01   4.0671229e-01   3.4805257e-01   3.5861320e-01   4.2408482e-01   8.8656379e-01   5.4441770e-01   3.0195347e-01   6.4019425e-01
   2.0000000e+00   1.3864897e-01   3.7384767e-01   5.5217503e-01   7.0206645e-01   5.8251852e-01   3.3075737e-01   3.4770133e-01   4.4786512e-01   3.4504927e-01   3.8627325e-01   6.2790418e-01   3.4833821e-02   1.3228533e-01   9.9761618e-01   7.9458942e-01
   2.0000000e+00   6.0863543e-01   2.2126573e-01   3.5650893e-01   8.4136910e-01   3.2529899e-01   2.7688946e-01   3.5323584e-01   4.1887459e-01   2.8903480e-01   3.9725781e-01   8.9640978e-01   9.4478399e-01   8.2809560e-01   5.5196185e-01   3.8391351e-01
   2.0000000e+00   7.1649735e-01   6.0026215e-01   5.5882055e-01   6.3932376e-01   9.9170372e-01   2.4401658e-01   3.6981221e-01   3.4342730e-01   2.4694709e-01   3.8914913e-01   2.4417289e-01   7.7220673e-01   1.2338138e-01   5.5530762e-01   3.1478350e-01
   2.0000000e+00   5.5230984e-01   1.0979092e-02   1.8657144e-01   3.5411647e-01   7.6959693e-01   3.3401515e-01   4.0387778e-01   3.7704909e-01   2.9865378e-01   4.1141940e-01   2.3316769e-01   2.0367644e-01   8.9854750e-01   4.5584370e-01   3.7814844e-01
   2.0000000e+00   2.6487259e-01   1.8577826e-01   5.3234993e-01   1.8198047e-01   1.5482877e-01   2.8188144e-01   2.5328492e-01   3.7902387e-01   3.2108096e-01   3.8258896e-01   8.7763414e-01   7.2308996e-01   3.3899915e-01   3.3784457e-01   7.4000758e-01
   2.0000000e+00   2.8742727e-01   1.0986171e-01   5.4055043e-01   9.5619615e-01   3.5650362e-01   2.0594882e-01   2.8049984e-01   4.4195230e-01   2.0635266e-01   4.3835166e-01   9.7208916e-01   4.7657468e-01   6.5242084e-01   5.7141307e-01   6.4640759e-02
   2.0000000e+00   6.7227024e-01   8.3825559e-01   1.9822179e-01   1.9343375e-01   7.4486786e-01   2.3249444e-01   2.9182441e-01   3.8778881e-01   3.0065060e-01   4.5121365e-01   2.8319863e-01   6.0875871e-01   2.1516961e-01   7.3882324e-01   1.2050817e-01
   2.0000000e+00   1.4784947e-01   2.5537030e-01   1.6960881e-01   6.1086898e-01   7.8137400e-01   3.3440671e-01   3.4667601e-01   3.9086656e-01   2.5204198e-01   4.1692228e-01   7.9918504e-01   2.8023009e-01   8.3925362e-01   5.3125396e-01   6.3730629e-01
   2.0000000e+00   7.6241448e-01   3.7472247e-01   4.1388650e-01   2.0847022e-01   6.0980182e-01   2.8554723e-01   3.3515137e-01   4.0406885e-01   3.0927818e-01   4.3964324e-01   4.8743065e-01   3.3975716e-01   8.6467255e-01   3.0897108e-01   3.8014299e-01
   2.0000000e+00   3.6037098e-01   5.5655575e-01   5.3506711e-01   6.0743261e-01   7.4753366e-01   3.1890756e-01   2.7302860e-01   3.8343217e-01   4.3267909e-01   4.1254487e-01   6.4802712e-01   9.2543689e-01   6.6235174e-01   6.2897310e-01   3.7048579e-01
   2.0000000e+00   5.7605590e-01   9.7265108e-01   1.6674713e-02   4.3390472e-02   7.9662469e-01   3.1979351e-01   2.8750197e-01   2.9773831e-01   3.0323029e-01   4.3764105e-01   4.9857501e-02   4.7156788e-01   4.8799936e-01   6.8245766e-01   3.7960529e-01
   2.0000000e+00   2.2802832e-01   2.3536677e-01   9.9235897e-01   4.3655478e-01   6.9281841e-01   2.3267224e-01   3.3217560e-01   3.3405183e-01   3.5184498e-01   3.7258515e-01   8.7281299e-01   4.3329527e-01   7.0890898e-01   1.9324948e-01   7.6724359e-01
   2.0000000e+00   4.3059652e-01   1.5194708e-01   7.5967361e-02   1.4190582e-03   4.0637332e-01   2.2461916e-01   2.6574373e-01   3.6191325e-01   3.5922934e-01   3.1365519e-01   4.6651201e-01   4.9114580e-01   2.7878453e-01   4.7388687e-01   5.2702495e-01
   2.0000000e+00   2.4150174e-01   8.1062811e-01   4.7948455e-01   6.2400055e-01   9.2948447e-01   3.0040476e-01   3.7459208e-01   4.0104339e-01   2.7313205e-01   3.6108994e-01   8.1492027e-01   9.7584480e-01   7.6592835e-02   9.5212531e-01   9.1558143e-02
   2.0000000e+00   4.3151118e-01   5.8471862e-01   1.9507153e-01   7.5442458e-01   8.9226719e-01   2.5654811e-01   3.4360158e-01   3.6914874e-01   3.0517842e-01   4.3440690e-01   6.5345682e-01   2.5374921e-01   7.6034335e-01   1.4166298e-01   9.8159621e-01
   2.0000000e+00   9.1019523e-01   8.3705645e-01   7.3243434e-02   8.5721276e-01   8.3184251e-01   2.1055490e-01   3.3508267e-01   3.6597844e-01   2.8036200e-01   4.6442973e-01   4.8223041e-01   7.1447164e-01   5.0743538e-01   2.1328489e-01   2.6020560e-01
   2.0000000e+00   9.7586499e-03   5.8464130e-01   4.7110187e-01   1.5571983e-01   2.2506788e-01   2.3372687e-01   3.3678258e-01   3.2594359e-01   3.7522488e-01   3.1011676e-01   7.4848991e-01   8.2780393e-01   5.1004034e-01   4.7849750e-01   5.3831549e-02
   2.0000000e+00   9.5641636e-01   8.9998815e-02   7.0507748e-01   9.9947786e-01   5.4087832e-01   2.5235161e-01   3.2427109e-01   2.8867165e-01   2.6871695e-01   3.8789813e-01   9.5376786e-02   4.0806349e-01   6.6824932e-01   4.9388184e-01   6.1490357e-01
   2.0000000e+00   3.3257141e-01   5.0599946e-01   1.9376594e-01   2.2031010e-01   2.6296403e-01   2.5280856e-01   3.1495336e-01   3.6964967e-01   2.1818414e-01   4.5419953e-01   2.3109536e-01   7.7533431e-01   5.3483171e-01   5.2223528e-02   4.6112108e-01
   2.0000000e+00   7.3486611e-03   1.3111471e-01   3.0913643e-01   4.5496615e-01   1.6689072e-01   1.9847406e-01   4.0231045e-01   4.3661039e-01   1.9944021e-01   3.7062251e-01   2.2946877e-01   2.8734961e-01   4.1996037e-01   9.5083756e-01   8.1283253e-01
   2.0000000e+00   1.8917967e-01   6.8663781e-01   1.6976707e-01   4.2923854e-01   6.1810050e-01   2.2656023e-01   3.6584169e-01   4.1888366e-01   3.3285088e-01   4.2689118e-01   5.0779896e-01   1.2019951e-01   4.6939350e-01   9.9979256e-01   2.4877066e-01
   2.0000000e+00   5.2378004e-01   9.6216103e-01   3.6428687e-01   7.1234572e-02   7.4614794e-01   2.7276742e-01   2.7359875e-01   3.7913738e-01   2.8665392e-01   3.7049673e-01   5.8757126e-01   7.8620063e-01   7.2220964e-01   4.3146205e-01   3.8919282e-01
   2.0000000e+00   7.6240805e-01   5.2463735e-01   7.1241481e-01   8.5689633e-01   6.2280279e-01   3.3764260e-01   3.7782311e-01   3.1604272e-01   3.1300037e-01   3.9320539e-01   8.3571335e-01   1.5669385e-01   5.0481062e-01   2.8344419e-01   8.1131742e-01
   2.0000000e+00   7.4766284e-01   7.1040869e-01   8.0092088e-01   6.9162515e-01   7.4587490e-01   2.6595094e-01   3.5773576e-01   4.1474432e-01   3.3545595e-01   5.0322663e-01   5.4588621e-01   5.4299169e-01   4.9783831e-01   3.5812453e-01   3.1906782e-01
   2.0000000e+00   9.4623015e-01   1.9098644e-01   9.6892500e-01   7.3856042e-01   9.2748801e-01   2.8531704e-01   3.5193138e-01   4.1047764e-01   3.4967321e-01   3.0510365e-01   2.5610978e-01   2.0371543e-01   7.4370614e-01   9.0533061e-01   4.6582007e-01
   2.0000000e+00   4.4239789e-01   7.4661722e-01   7.4915973e-01   5.3678780e-01   2.3365315e-01   2.9250864e-01   3.3818864e-01   4.5562413e-01   2.5053492e-01   3.8686471e-01   7.2499196e-01   9.4800236e-01   6.8370897e-02   6.0855948e-01   5.6426883e-01
   2.0000000e+00   3.1801912e-01   6.4231523e-01   8.0899027e-01   2.4108406e-01   5.2302980e-01   3.3918644e-01   3.7085469e-01   4.0676664e-01   2.6159043e-01   3.6293806e-01   6.4479403e-01   5.5967793e-01   4.3350726e-03   5.1187443e-01   9.7725565e-01
   2.0000000e+00   2.1810873e-01   5.7326038e-01   7.8114527e-01   7.8044595e-01   2.3411800e-01   2.8605745e-01   4.1362662e-01   3.1664737e-01   2.8208792e-01   4.5697291e-01   8.6159576e-01   6.6632649e-01   9.3470924e-01   4.2604088e-01   2.4891961e-01
   2.0000000e+00   2.5678456e-01   6.1028929e-02   8.8033786e-01   4.1862541e-01   1.2959698e-01   2.1809184e-01   3.9170705e-01   3.9408042e-01   3.3670829e-01   4.9756025e-01   9.7285224e-01   5.4500489e-01   4.0295158e-01   3.5038037e-01   2.2413654e-02
   2.0000000e+00   3.3941230e-03   5.6932885e-02   1.3381099e-01   4.6495428e-01   8.3112958e-01   1.9112071e-01   3.5388875e-01   3.4621518e-01   3.1172148e-01   4.5284698e-01   8.5948011e-01   8.9915643e-01   7.6979085e-02   1.0936121e-01   4.6621928e-01
   2.0000000e+00   5.4306218e-01   4.5220745e-01   5.3096445e-01   2.0834598e-01   9.5754312e-01   3.3956315e-01   2.8744690e-01   3.8725936e-01   3.2722789e-01   3.6023629e-01   8.5737406e-01   6.4634607e-01   3.0798603e-01   6.3195471e-01   3.9800519e-01
   2.0000000e+00   4.8738593e-02   7.2518236e-01   6.7894101e-01   3.9305176e-01   6.0197977e-01   2.3803737e-01   3.3470939e-01   3.6692786e-01   3.3138664e-01   3.7562111e-01   8.8623511e-01   2.9667752e-02   3.4857498e-01   6.6683858e-01   8.0117236e-01
   2.0000000e+00   7.4089577e-02   8.3717064e-01   2.0760303e-01   8.7718175e-01   7.5514590e-01   1.9522179e-01   2.9837360e-01   3.7061738e-01   2.6848077e-01   3.6470110e-01   2.9849945e-01   8.5959345e-01   8.9977602e-01   7.7530485e-01   7.8310188e-01
   2.0000000e+00   7.7236621e-01   7.8972986e-01   1.9579798e-01   4.3665664e-01   7.4036547e-01   2.1010984e-01   2.3715943e-01   3.3634142e-01   3.2541329e-01   3.9916144e-01   7.1173509e-01   4.4306609e-01   8.1788683e-01   2.1321478e-01   2.5285375e-01
   2.0000000e+00   6.8357220e-02   1.9303982e-01   7.1165671e-01   9.2988927e-02   1.4390833e-01   2.8968028e-01   3.2280955e-01   3.2592498e-01   2.5881943e-01   4.4071882e-01   4.6910052e-01   2.7883890e-01   4.0121986e-01   7.2072343e-01   8.1763486e-01
   2.0000000e+00   6.4512879e-01   6.1462696e-01   9.9521598e-01   7.2707960e-01   3.2318627e-01   2.0687073e-01   2.8328906e-01   3.2587597e-01   3.4605684e-01   4.6295580e-01   8.8839093e-01   6.9764957e-01   4.7940440e-01   9.9258982e-01   7.1264679e-01
   2.0000000e+00   2.2067689e-01   4.5032381e-01   6.7146289e-01   8.1397693e-01   1.5650185e-01   2.0392202e-01   4.3912237e-01   3.1125309e-01   2.9135832e-01   3.3684742e-01   3.4047831e-01   8.9993550e-01   4.7421516e-01   9.0515834e-01   2.6031810e-01
   2.0000000e+00   2.2118446e-01   9.7976522e-01   4.5137485e-01   5.4281311e-01   8.8542010e-01   2.6992419e-01   3.1248270e-01   3.2655774e-01   2.8951506e-01   3.7581906e-01   8.3497562e-02   6.3824371e-01   8.6480258e-01   9.8753874e-01   6.2700532e-01
   2.0000000e+00   5.0165911e-01   1.0974237e-01   4.3198061e-01   1.2402592e-01   5.4640189e-01   2.6402378e-01   2.8729425e-01   3.7388974e-01   3.0166080e-01   4.4640583e-01   3.1459936e-02   9.1188981e-01   5.3104884e-01   9.8172877e-01   7.4766158e-01
   2.0000000e+00   4.0243355e-01   4.9628889e-01   4.9835358e-01   5.9403703e-01   3.0936924e-01   1.5610981e-01   3.5495230e-01   4.0036207e-01   1.9911204e-01   4.0219280e-01   9.8056283e-01   2.6901061e-01   3.3591117e-01   8.2908074e-01   7.4668463e-01
   2.0000000e+00   3.4726131e-01   9.1164742e-01   3.6909169e-01   6.8527968e-01   4.1442888e-01   2.9437212e-01   2.8235772e-01   3.2517847e-01   3.2412167e-01   4.2998753e-01   6.0139876e-01   1.0963261e-01   2.4042355e-01   8.1134662e-01   9.8630237e-02
   2.0000000e+00   6.9440391e-01   9.4810874e-01   3.2683965e-01   3.4626072e-01   2.4260339e-01   2.9282973e-01   3.8487997e-01   3.1955734e-01   3.1269697e-01   4.7389671e-01   4.8965535e-01   1.3261473e-01   5.8410285e-01   4.3789426e-01   4.9679942e-01
   2.0000000e+00   2.7939197e-01   8.2773217e-01   1.7923148e-01   6.2492353e-01   2.8708461e-01   2.1430395e-01   2.8615896e-01   3.1329542e-01   2.1246582e-01   3.5886794e-01   2.9896416e-01   8.3334865e-01   6.5136834e-01   1.4580570e-01   8.9347431e-01
   2.0000000e+00   7.6154619e-01   2.6988366e-01   5.4266699e-01   4.7076325e-01   3.4668175e-01   2.1896500e-01   3.0737200e-01   2.8765893e-01   2.7717924e-01   4.0532546e-01   8.3540455e-01   1.4853856e-02   7.1510703e-01   8.4968202e-01   4.2040043e-01
   2.0000000e+00   7.8507008e-01   6.7143680e-01   6.7687109e-01   3.7661108e-01   4.9757701e-01   2.9297810e-01   2.1774012e-01   4.7921999e-01   3.1159709e-01   4.7957409e-01   9.2616908e-01   9.8337302e-02   8.5635077e-01   3.8958701e-01   9.3161614e-01
   2.0000000e+00   1.2321952e-01   2.9145713e-01   4.7847447e-01   2.8326790e-01   8.2239401e-01   2.2108017e-01   3.4870601e-01   3.0840546e-01   2.3271809e-01   4.0922685e-01   3.2147307e-01   6.5803031e-01   3.8928168e-01   8.3986296e-02   7.1818091e-01
   2.0000000e+00   1.5415945e-01   9.8843927e-01   3.9629025e-01   8.0296532e-01   3.4146222e-04   2.2639076e-01   2.8211057e-01   3.7790424e-01   2.9088166e-01   4.3177776e-01   8.7986644e-01   8.4630364e-01   4.5652513e-01   3.0914539e-02   5.0995304e-01
   3.0000000e+00   2.7743872e-01   3.3786974e-01   4.0731960e-01   9.0149562e-01   4.8791063e-01   1.4631752e-03   1.9627691e-01   9.7393018e-01   3.3853465e-01   1.1040805e-01   8.7405153e-01   7.9062363e-01   8.7124752e-01   8.5802214e-01   9.6118108e-01
   3.0000000e+00   3.7137858e-01   2.4193683e-01   5.0141459e-01   4.0761944e-01   1.2379353e-01   8.5869102e-01   9.0843946e-01   9.1381350e-01   1.6539225e-01   8.0280952e-02   9.3193336e-01   6.4976129e-01   9.1196451e-01   1.0097136e+00   9.1397837e-01
   3.0000000e+00   5.6686083e-01   1.1327645e-01   4.9652027e-01   6.3457948e-01   6.1532940e-01   7.1464287e-01   6.3518638e-01   3.6193273e-01   8.0828055e-01   3.9811765e-01   9.5389775e-01   7.1735306e-01   9.1277390e-01   8.2459215e-01   9.3445255e-01
   3.0000000e+00   3.5592212e-01   7.9187918e-01   7.8882317e-01   2.8166034e-01   4.7991368e-01   2.9750817e-01   5.7089249e-01   2.1275901e-01   8.4989382e-01   9.9713690e-01   8.2462720e-01   7.5047692e-01   7.9266773e-01   8.4518023e-01   8.8098421e-01
   3.0000000e+00   2.9086033e-01   5.3784284e-01   6.6293291e-01   3.8835567e-01   1.0371284e-01   4.6064819e-01   7.9153926e-01   8.8361530e-01   2.2731033e-01   9.2355606e-01   8.9879474e-01   7.5628584e-01   8.3675566e-01   7.5489535e-01   9.6332381e-01
   3.0000000e+00   4.0236358e-01   5.7513483e-01   1.4114982e-01   3.6129706e-01   5.8350447e-01   2.6099801e-01   9.2454831e-01   2.2859624e-02   6.2695538e-01   8.7821844e-02   9.9271141e-01   8.5469312e-01   9.8610945e-01   7.3363814e-01   9.9668299e-01
   3.0000000e+00   3.5670575e-01   4.8165698e-01   3.9343459e-01   8.4258001e-02   4.8230529e-01   8.6306498e-01   1.7062541e-01   2.2218793e-01   3.0011678e-01   8.3270757e-01   9.0972214e-01   6.9755625e-01   9.4222937e-01   9.2580458e-01   9.9351296e-01
   3.0000000e+00   4.5282243e-01   5.0093992e-01   9.5003395e-01   2.5371810e-01   9.9038120e-01   9.7663160e-01   3.8299582e-01   3.5408108e-01   6.8840150e-01   7.7265557e-01   9.1931073e-01   7.5683373e-01   9.3018153e-01   8.1808379e-01   9.2304142e-01
   3.0000000e+00   5.1991682e-01   5.1643241e-01   1.9856307e-01   7.0395283e-01   7.8981118e-01   5.0683338e-01   1.5891353e-01   2.6315394e-02   2.1819264e-01   1.7411787e-01   8.4618943e-01   7.4902222e-01   9.3039803e-01   9.1072362e-01   8.8788151e-01
   3.0000000e+00   8.8552123e-01   8.4919871e-01   8.2880170e-01   6.8486378e-01   2.5809638e-01   8.9139331e-01   8.6376557e-01   2.7447941e-01   4.3926126e-03   9.1954221e-01   8.5460058e-01   7.0025584e-01   8.8625955e-01   9.2526587e-01   9.5490970e-01
   3.0000000e+00   4.3913408e-01   8.6772679e-01   6.2545015e-01   3.9889556e-01   4.7259751e-01   6.5061854e-01   9.8609810e-01   1.6527744e-01   4.8093341e-01   8.6788314e-01   9.1412574e-01   7.6851625e-01   8.8395708e-01   8.1972587e-01   8.8461566e-01
   3.0000000e+00   2.9092574e-01   8.5060766e-01   7.4984802e-01   3.7434560e-01   7.1202525e-01   5.3112653e-01   8.8396153e-01   9.1413517e-01   7.7342785e-02   7.1980155e-01   9.4775721e-01   6.4838959e-01   8.7847254e-01   8.8610932e-01   8.9098344e-01
   3.0000000e+00   7.5983182e-01   1.4395080e-01   7.3210385e-01   6.2257874e-03   5.5683053e-01   2.9917486e-01   2.5291116e-01   5.2861077e-01   9.0605174e-01   5.5706683e-01   8.9818062e-01   8.1081580e-01   9.0046610e-01   7.1640807e-01   9.3020949e-01
   3.0000000e+00   8.8423132e-01   7.5098538e-01   5.1208665e-01   7.4162909e-01   8.3269748e-02   6.6532471e-01   8.1252775e-02   4.4940418e-01   1.8059137e-01   7.9798596e-01   8.4238107e-01   7.3251885e-01   9.2056177e-01   7.9149768e-01   8.9542358e-01
   3.0000000e+00   2.0359238e-01   6.0431351e-01   8.6393764e-01   6.4975098e-01   3.0505312e-01   1.9786234e-01   4.7222986e-01   6.2316891e-01   9.0306875e-01   9.4433128e-01   9.2846741e-01   7.1619577e-01   8.9169373e-01   8.7962441e-01   9.2326316e-01
   3.0000000e+00   3.9587096e-01   4.5217350e-01   4.7303064e-01   4.8090034e-01   2.6844016e-01   6.5047409e-01   9.2711215e-01   8.1623375e-02   9.9704144e-01   2.2765307e-01   8.6343413e-01   7.1054486e-01   9.2210634e-01   8.4019588e-01   8.5246717e-01
   3.0000000e+00   1.8367570e-01   8.8592445e-01   5.9533642e-01   7.4925126e-01   2.8393901e-01   8.5831168e-01   3.6440137e-01   2.1447887e-01   9.5495890e-01   6.4420540e-01   8.4396108e-01   7.1553296e-01   9.4548123e-01   9.1157199e-01   9.7240874e-01
   3.0000000e+00   8.6165672e-01   2.1383700e-01   7.5287412e-01   8.4185173e-01   6.1539285e-01   3.4791569e-01   1.7148108e-01   2.4879890e-01   1.5908339e-02   6.7947302e-02   9.4177633e-01   6.7141661e-01   9.3348750e-01   9.1610831e-01   8.9962203e-01
   3.0000000e+00   2.4090480e-01   9.9292844e-01   3.5857996e-01   5.7959346e-01   3.2024356e-01   7.2868344e-01   7.0132806e-01   1.7136438e-01   5.7225475e-01   8.3401166e-01   9.1206945e-01   8.2274438e-01   9.0489490e-01   8.2013609e-01   9.6473809e-01
   3.0000000e+00   7.4237233e-01   3.5109843e-01   5.0674715e-01   5.7412562e-01   5.2211380e-02   6.1068795e-01   7.6349568e-01   1.5186870e-01   9.0946481e-01   7.8577629e-01   9.0837753e-01   7.7663247e-01   9.9659707e-01   8.8437536e-01   9.4733759e-01
   3.0000000e+00   2.8284009e-01   1.7993239e-03   7.7430971e-01   7.0867106e-01   7.9023514e-01   9.9334325e-01   3.6111294e-01   5.1367906e-01   3.8394386e-01   3.8256946e-01   9.7301383e-01   7.4589521e-01   9.0703964e-01   8.5746733e-01   9.9814020e-01
   3.0000000e+00   4.5635072e-01   6.1272711e-01   5.3395818e-01   4.6839876e-01   7.3573281e-01   7.5083889e-01   3.9749694e-02   6.5877414e-01   6.9143656e-01   8.2890555e-01   8.6857657e-01   7.6678861e-01   9.7662634e-01   8.5372027e-01   9.7203631e-01
   3.0000000e+00   9.1547660e-01   8.2464682e-01   6.1368235e-01   5.3049029e-01   8.4775856e-01   3.8510228e-01   3.8322953e-01   9.0918696e-01   9.4123094e-01   5.4025791e-01   1.0030672e+00   6.1681126e-01   8.8540274e-01   7.7639533e-01   1.0053140e+00
   3.0000000e+00   8.6218743e-01   6.8893336e-01   9.0183137e-01   6.8765255e-01   2.3430283e-01   3.9460722e-01   4.7650775e-01   5.3299953e-01   8.2692932e-02   6.4092912e-01   7.5701166e-01   7.5792889e-01   8.9701193e-01   9.0646169e-01   9.1994629e-01
   3.0000000e+00   2.6904681e-01   2.1627621e-01   1.1087022e-01   3.2702429e-01   1.5290200e-01   8.2370365e-01   1.6534577e-01   1.7543615e-01   1.6102090e-01   5.0902226e-01   8.6516171e-01   7.4169213e-01   9.0801690e-01   8.9032186e-01   8.7508155e-01
   3.0000000e+00   4.3059520e-01   2.4719986e-01   1.6529762e-01   2.3309027e-01   6.0165416e-02   7.5024529e-01   3.6100670e-01   4.0433815e-01   7.5130416e-01   3.9735710e-01   8.1529347e-01   6.8329914e-01   9.4660792e-01   8.6173178e-01   8.8032987e-01
   3.0000000e+00   8.9764654e-01   7.2903612e-01   2.0715808e-01   8.3118862e-01   1.0240779e-01   1.9791006e-01   9.6680160e-01   9.8294051e-01   6.5392042e-01   7.4618224e-01   8.3884241e-01   7.6271180e-01   9.1716824e-01   9.1228798e-01   8.8823657e-01
   3.0000000e+00   6.4007451e-01   2.7750088e-02   7.6721474e-01   3.5387917e-01   6.8430015e-01   5.0027255e-01   9.0461350e-01   9.8806129e-01   8.0865225e-01   4.9044222e-01   8.9162375e-01   7.1490476e-01   8.1059507e-01   8.8717155e-01   9.9195872e-01
   3.0000000e+00   6.4436646e-01   4.7371075e-01   9.6854594e-01   7.4509310e-01   3.8481570e-01   7.6824486e-01   7.7506120e-01   5.4728663e-01   2.9759568e-01   1.5009672e-01   9.6328116e-01   6.5730996e-01   8.8918339e-01   8.6855021e-01   8.9265246e-01
   3.0000000e+00   2.6981163e-01   8.0857071e-01   8.2958085e-01   9.8444841e-01   8.5855362e-01   3.6192008e-01   6.0102348e-01   3.9580433e-01   1.4960709e-01   9.7159188e-01   9.1917961e-01   7.6611613e-01   8.7761089e-01   8.4933261e-01   8.9801257e-01
   3.0000000e+00   2.5996528e-01   1.6247649e-01   2.3425124e-01   8.7832770e-01   4.9293432e-01   8.8728468e-01   4.5889083e-01   3.2997528e-01   5.6506716e-01   1.3135369e-01   8.8543304e-01   6.4978438e-01   9.0231005e-01   8.7686559e-01   8.7716211e-01
   3.0000000e+00   4.8961939e-01   5.9602167e-01   7.6993388e-01   3.1780539e-01   2.1779204e-01   2.8701475e-01   6.7519115e-01   7.0022507e-01   1.6635251e-01   9.3322911e-01   8.6555931e-01   7.3419312e-01   9.0508401e-01   8.5753930e-01   8.8819411e-01
   3.0000000e+00   7.5379177e-01   9.4691600e-01   8.7145215e-01   6.6676945e-02   8.0937729e-01   5.1786091e-01   5.4631298e-01   7.2026236e-01   7.1284882e-02   8.2462834e-01   9.3345620e-01   6.8599679e-01   8.1520856e-01   8.2539410e-01   1.0009581e+00
   3.0000000e+00   4.3693278e-01   8.0191197e-01   2.1907736e-01   2.9779518e-01   6.4565866e-01   3.0120559e-01   3.1462075e-01   9.2653259e-01   8.0532049e-01   1.3866188e-01   8.8997250e-01   7.6887022e-01   8.5795715e-01   7.9010105e-01   8.9002644e-01
   3.0000000e+00   2.1239549e-02   3.9043083e-01   3.2248159e-01   2.0825839e-01   4.8100954e-01   8.6110647e-01   1.6983925e-01   8.6751839e-01   5.4260746e-01   6.4199931e-01   8.7237461e-01   7.2598037e-01   8.8278743e-01   8.3858523e-01   8.7124615e-01
   3.0000000e+00   4.9445635e-01   2.5034288e-01   5.2329906e-01   7.2830805e-02   8.8084720e-01   1.6924181e-01   8.8788302e-01   7.5177936e-01   4.3030090e-01   8.4535056e-01   9.4447440e-01   7.8557702e-01   9.0235965e-01   8.4465810e-01   1.0379862e+00
   3.0000000e+00   5.5313772e-02   7.3763307e-01   9.4402919e-01   9.5589584e-01   9.9773950e-03   2.7896994e-01   9.6091727e-01   6.0154259e-01   4.9468523e-02   8.2956574e-03   9.2848153e-01   7.1779169e-01   8.7483266e-01   9.2463349e-01   9.2508620e-01
   3.0000000e+00   6.7785488e-02   4.8837964e-01   4.2991530e-01   7.5122361e-01   1.3339461e-01   2.5844631e-01   2.5652801e-01   1.9913438e-01   7.7398592e-01   8.7887288e-01   9.8764789e-01   7.2246663e-01   9.2235647e-01   8.1242096e-01   8.9302749e-01
   3.0000000e+00   5.7857231e-01   8.3088648e-01   7.2416617e-01   5.0878723e-01   3.5582812e-01   7.4367496e-01   3.7018685e-01   6.0045561e-01   6.6071956e-01   5.8089171e-01   9.0966210e-01   7.1663941e-01   8.8156680e-01   8.7302103e-01   9.1169357e-01
   3.0000000e+00   2.8856531e-01   2.0261610e-01   3.2340138e-01   9.2233809e-01   9.5911690e-01   6.0569306e-01   6.1915735e-01   7.0963870e-01   6.5772927e-01   1.1748938e-01   8.9244121e-01   7.7294404e-01   8.1855160e-01   9.0558094e-01   9.9578627e-01
   3.0000000e+00   9.8974014e-01   9.8453235e-01   7.0608477e-01   5.4825089e-01   8.6100825e-01   7.2482469e-01   3.4630950e-01   8.4904751e-02   2.0274740e-01   3.6092802e-01   9.0389327e-01   7.6167182e-01   8.7968102e-01   8.2469813e-01   9.4713152e-01
   3.0000000e+00   9.3744957e-01   5.4297354e-02   3.8126610e-01   4.8693244e-01   5.7118610e-01   7.0379674e-01   4.8874797e-02   3.8066427e-01   5.7852903e-02   9.2256305e-01   9.1410424e-01   7.6172991e-01   8.5206921e-01   8.6982985e-01   9.8901586e-01
   3.0000000e+00   8.2699833e-01   1.7388314e-01   2.8644587e-01   2.9820099e-01   4.2425327e-01   4.0088287e-01   6.9171164e-01   2.9149803e-01   7.2932173e-01   4.4290407e-01   9.4331054e-01   7.0306549e-01   8.9380939e-01   7.8344821e-01   8.0948035e-01
   3.0000000e+00   5.6499609e-01   9.5987508e-01   9.8685222e-01   2.3612917e-01   4.1323775e-01   5.8056478e-01   6.1727081e-01   1.0449967e-01   1.8222802e-01   3.9267746e-02   1.0049683e+00   7.0670092e-01   9.6922671e-01   8.3876572e-01   9.2077943e-01
   3.0000000e+00   1.1004850e-01   8.0991380e-01   3.7505158e-01   5.3931058e-01   2.2105710e-01   4.1131417e-01   9.1977719e-01   6.3738697e-02   9.5110736e-01   2.1302177e-01   9.2818282e-01   7.3472435e-01   8.6066181e-01   8.5696312e-01   9.5038566e-01
   3.0000000e+00   8.6019024e-01   6.6808593e-01   4.6910520e-01   8.6198984e-01   2.4128561e-01   5.8218134e-01   4.1692201e-01   7.0763582e-02   6.5811618e-01   1.6781169e-01   8.2977810e-01   7.4461531e-01   9.6113011e-01   8.3888688e-01   9.6566957e-01
   3.0000000e+00   3.9722826e-01   1.7882779e-01   3.0952498e-01   8.3820882e-02   6.2292405e-01   1.5306870e-01   6.4288981e-01   9.2477243e-01   6.3398255e-01   5.4022280e-01   9.2793124e-01   7.6401949e-01   1.0166432e+00   8.8861129e-01   1.0067016e+00
   3.0000000e+00   6.1078030e-03   2.7519649e-01   2.3949170e-01   3.1834483e-01   6.1760065e-01   8.8378881e-01   1.2135365e-01   5.8542596e-01   5.8061755e-01   2.1664738e-01   8.7204493e-01   6.9903595e-01   8.6421652e-01   8.0445412e-01   8.9821174e-01
   3.0000000e+00   5.4800916e-01   8.7353646e-01   2.9828415e-01   3.8084753e-01   6.1938680e-01   6.0653725e-01   8.7572061e-01   6.0219044e-01   2.1929823e-02   8.5337101e-01   8.9576234e-01   7.3494063e-01   9.4993100e-01   8.6175764e-01   9.0644683e-01
   3.0000000e+00   2.5141348e-01   4.3143338e-01   1.0704016e-01   4.4578900e-01   1.5882430e-01   7.0213823e-01   8.4622836e-01   6.3427820e-01   1.8901056e-01   7.2424703e-01   8.6082968e-01   8.3643840e-01   8.9848926e-01   7.9676742e-01   1.0045769e+00
